
Voorafgaand aan structure:
>> [y, fy_mom_obs, Gy_mom_obs]

ans =

         0         0    0.0114         0    1.0000
   50.0000   50.0000    0.0056   50.0000    0.4294
  100.0000  100.0000    0.0017  100.0000    0.1499
  150.0000  150.0000    0.0008  150.0000    0.0667
  200.0000  200.0000    0.0004  200.0000    0.0285
  250.0000  250.0000    0.0001  250.0000    0.0086
  300.0000  300.0000    0.0000  300.0000    0.0020
  350.0000  350.0000    0.0000  350.0000    0.0009
  400.0000  400.0000         0  400.0000         0
  450.0000  450.0000         0  450.0000         0
  500.0000  500.0000         0  500.0000         0
  550.0000  550.0000         0  550.0000         0
  600.0000  600.0000         0  600.0000         0


Na versie met structure:

>> [mom_obs.y mom_obs.Gy mom_obs.fy ]

ans =

         0    1.0000    0.0114
   50.0000    0.4294    0.0056
  100.0000    0.1499    0.0017
  150.0000    0.0667    0.0008
  200.0000    0.0285    0.0004
  250.0000    0.0086    0.0001
  300.0000    0.0020    0.0000
  350.0000    0.0009    0.0000
  400.0000         0         0
  450.0000         0         0
  500.0000         0         0
  550.0000         0         0
  600.0000         0         0